4.6843
2.7037
1.5425
1.5203
1.4926
1.9545
1.8168
5.7535
7.4234
9.6791
1.9083
1.0485
1.0305
2.5458
2.3638
3.1597
2.5229
12.7199
20.6997
2.7614
1.0717
1.0289
0.8141
1.7795
8.6746
1.0627
1.1691
0.9591
2.5028
2.8144
1.8791
3.7864
3.0484
1.7605
4.0030
1.6605
1.6566
15.5641
14.5067
3.3014
1.8228
1.9226
2.7087
2.2076
2.2011
8.0176
1.6189
1.3643
1.2643
1.4933
1.2085
0.5537
4.8099
2.2546
3.2741
1.2741
3.7866
1.7552
2.4047
5.0869
1.0465
1.4849
0.9707
1.6399
1.5396
1.5412
9.1262
1.5179
0.6293
2.0950
1.4301
1.0002
8.5516
5.6238
2.5260
1.8877
4.7526
0.6134
0.5400
2.1460
4.4523
1.9228
0.8088
1.5892
4.0093
3.5021
1.9717
2.4980
1.4626
3.1419
5.2987
12.8721
3.0146
1.5307
4.5396
2.5468
4.0865
7.3074
4.5651
4.2640
2.4418
3.9434
2.9228
5.3834
4.2107
1.5927
4.9001
2.0935
6.3445
0.7494
1.9258
1.3911
4.3294
3.0182
1.1111
4.3677
1.2815
1.8075
0.7699
0.8792
0.6340
4.0691
6.0694
1.6083
1.0604
2.3231
2.2537
3.1291
1.4119
1.7959
2.4522
4.6722
1.0048
1.5285
3.8325
3.6184
4.1198
1.8102
1.6340
1.6256
1.7828
1.3841
3.2516
2.7689
1.1195
1.5706
0.9188
2.0541
2.2551
1.0663
5.0405
1.3532
1.2286
1.7048
0.8391
2.6657
1.3689
2.2988
3.8804
1.5607
0.8527
1.5885
4.9552
2.0943
5.0660
2.7624
2.0295
1.1767
2.6473
2.8821
1.5064
5.0134
1.2187
3.3732
2.1572
1.2148
3.4438
2.9717
3.3980
2.9032
2.6513
0.6489
1.8679
4.5985
7.6894
9.6112
2.0949
1.4378
1.4729
3.4463
0.9486
1.6284
10.6991
1.2630
1.3635
1.5094
2.8656
4.0804
2.5820
6.5770
1.8774
1.5056
2.2560
2.1496
6.3271
15.0907
13.9424
21.7417
8.2265
7.3769
3.6334
10.9377
1.0463
5.9915
1.2019
1.4299
1.2968
1.4407
12.8270
6.6205
12.1154
1.8777
4.4813
1.0040
2.0124
2.0022
1.1643
4.4909
1.8860
1.4514
2.0001
0.8894
2.3542
5.3047
3.5604
1.6431
2.9973
1.5267
2.3141
0.6997
1.8064
1.0770
2.2902
1.8564
1.3151
0.8645
0.6865
1.6738
1.3378
0.8718
2.2860
1.1293
1.1570
1.2681
2.1420
6.2876
1.0080
3.0164
1.3656
3.2432
1.5829
1.1426
6.2522
1.6602
1.8719
1.9737
1.4917
2.9411
5.4591
2.8849
1.0196
3.4067
5.8474
9.5022
2.1955
4.2325
4.4954
1.1517
2.2457
3.8337
1.6705
2.6163
5.3474
6.4564
1.3216
2.5928
3.5524
3.1626
1.0584
1.5009
11.4455
1.5107
1.7988
2.7201
1.1203
1.8593
1.7893
7.5078
1.5224
2.0118
1.3051
2.8941
0.8142
4.2290
1.5804
0.9458
2.2458
3.4783
1.3011
0.7761
3.0139
11.8547
1.2201
1.5293
2.6401
0.6270
5.5452
2.9780
6.9533
0.9101
4.4854
1.9113
1.5694
2.2089
9.9887
15.5516
9.3158
1.0900
1.9241
3.2778
3.3614
1.0854
5.3551
1.8670
1.6852
2.1374
1.5590
0.9443
1.0788
2.7152
2.4929
1.3132
1.2755
3.8298
5.4602
4.4702
12.7418
1.6468
4.3257
2.1633
4.7145
0.9250
4.5670
10.0599
1.0125
3.7805
0.9505
4.4570
4.0395
1.3589
1.9491
1.1956
2.7020
1.8013
5.6653
1.0551
0.5994
8.9140
1.4857
1.9204
2.1671
1.7100
2.9579
2.8353
7.3706
0.7830
1.9297
0.7921
0.9739
1.5357
4.0305
1.8762
1.3097
5.2755
7.7678
1.7682
1.0331
1.9934
5.1586
0.6757
1.3291
1.0594
1.2423
3.8694
1.7870
5.3742
2.0834
1.6049
1.7062
4.9128
2.4102
2.1275
8.1757
5.5723
0.6218
0.6820
1.0752
1.6822
4.5242
8.0645
0.8458
1.8711
2.7456
3.5884
4.7977
2.1108
3.4808
1.4415
2.0207
3.6206
2.2901
4.2717
1.3265
1.1742
1.9299
1.0360
0.9393
6.0282
5.3455
1.7879
2.0358
1.3470
3.1995
0.8925
0.9794
3.9212
0.8555
8.3062
2.7252
16.8221
8.4745
1.1542
0.8513
2.4362
1.8604
1.6282
3.0207
1.2604
1.2878
2.7048
2.7290
1.2501
1.3751
2.3884
2.1795
7.7559
1.9217
1.8296
5.1526
3.5925
1.4263
4.8194
5.9755
3.2206
1.7195
6.5204
0.9128
9.7517
7.9240
4.2528
1.1697
1.6779
6.0504
1.7126
1.7868
0.9726
2.8051
0.8863
0.7509
7.4405
3.1892
6.8082
1.2132
1.4025
0.7648
1.6901
2.9143
1.2853
1.6125
1.1514
1.0054
2.7692
1.2599
2.1364
1.0949
1.6944
0.6675
2.9171
1.3109
1.0756
6.5241
2.7693
7.9088
2.1156
3.6674
1.7792
2.2394
3.3578
2.8679
9.5302
1.3699
1.7638
2.4231
1.1593
1.1953
1.6486
1.8901
0.9521
0.9484
1.4242
2.1046
1.9781
1.7755
13.1169
3.6547
5.2145
3.4223
4.9642
5.7131
3.0470
5.1512
1.8179
1.4841
4.0146
4.6066
4.0322
2.3078
1.5504
1.0178
6.0123
5.5162
2.8698
6.0221
1.9266
1.9120
1.5035
0.8209
1.5599
1.8454
6.3617
2.7948
3.5920
1.7364
2.1816
5.7750
1.8711
5.5081
13.5848
2.4695
2.0160
2.6667
5.3553
2.0181
5.4327
1.7053
2.8343
1.0736
2.3261
3.4665
1.2691
6.3682
1.4170
1.7779
0.7971
1.3404
4.1922
6.7936
4.3976
2.7059
1.9141
1.1983
4.6207
2.7543
16.1400
7.4171
7.4599
4.1209
1.8824
1.0345
4.3000
1.8129
9.4221
1.6062
1.5422
1.5191
1.3221
1.4829
4.8986
3.3143
1.6671
3.1603
1.3907
2.9557
0.6162
1.3392
2.3429
1.5186
1.1210
1.2123
3.9120
3.8313
1.7288
2.9641
1.1530
1.7968
1.7060
1.1763
1.8958
2.6223
9.6030
1.9010
1.5285
1.8584
5.9666
2.1048
3.4896
2.8579
0.9909
1.4796
1.2334
2.0029
3.2187
1.0805
6.2237
1.7122
2.1300
1.9046
2.0639
10.0913
5.0304
6.7314
2.9530
2.0976
2.3076
1.8270
1.5460
4.0116
3.0983
4.4122
7.0645
2.7123
2.3036
2.6178
1.9417
7.8257
1.3804
1.0481
2.4115
2.5171
1.2698
1.8186
12.2830
1.1055
0.9931
1.7839
3.0870
2.6351
1.2974
7.3609
3.3783
1.7717
1.8988
2.3750
1.6829
4.2687
6.2797
2.9886
1.2252
1.8836
1.6451
1.3011
4.1140
12.5720
1.0613
1.4429
1.4353
3.2215
2.8417
1.2550
10.9150
7.6683
2.1608
1.8079
4.1921
3.6697
3.9719
5.6942
1.2126
1.5634
4.3986
2.7925
3.2933
0.7896
9.0160
2.3245
2.8264
3.3537
4.0319
4.9995
3.8865
5.8179
1.1188
2.5510
2.1794
1.7997
2.7468
0.7293
7.7518
0.6750
2.6510
2.0279
1.7543
2.6964
0.8211
8.4143
1.3130
1.4208
1.5541
0.8915
0.7395
0.5222
8.1402
1.3260
0.9042
1.7653
4.2029
4.3828
2.0286
4.4935
1.9921
1.8265
1.2931
3.5541
5.4508
4.0974
1.7469
2.1814
15.7324
2.5557
1.8535
7.2518
3.3595
7.0284
1.3062
0.9681
0.9940
4.6566
3.8122
2.6627
8.6929
1.9786
3.8302
0.8651
0.7064
0.7501
1.5821
9.4679
1.5133
4.3052
2.8234
0.7579
0.7184
0.9334
9.9845
1.6430
1.6217
0.8628
0.6882
0.9767
0.8181
9.5431
1.2171
1.3657
0.9844
4.0420
3.1733
1.6544
6.2574
2.1343
1.5604
2.5014
1.0805
3.6895
1.3328
2.0279
1.3542
2.8813
2.0310
2.9460
1.9979
1.7209
2.3470
1.8299
1.7933
1.8548
3.9366
1.1478
3.1968
1.6655
1.6355
4.0442
2.2153
0.5609
3.7391
4.0847
0.8952
1.1679
1.6541
3.7149
2.7627
3.9787
7.5302
10.4766
12.6776
2.6306
1.6683
5.8835
6.8421
3.1043
8.0041
9.0997
5.6459
3.4938
9.2834
3.4827
3.1291
1.0586
2.7539
2.5499
1.7106
2.8693
1.9228
3.3939
1.8671
1.3034
2.4870
1.0647
1.0198
0.9631
1.6967
2.5216
0.8338
2.4148
0.6401
0.9596
0.8167
1.1952
4.2058
1.2774
1.6578
2.0720
6.8932
2.0750
1.5044
5.6773
1.1266
1.0027
1.1430
2.2408
2.0765
2.0088
6.4863
1.5104
2.9906
1.4842
2.9946
3.7300
1.4085
9.1239
1.5890
3.5097
1.2866
0.8687
0.9311
5.4926
1.9785
1.4131
3.2089
1.5558
2.5730
0.8040
1.8643
11.2484
1.1690
3.5428
0.9389
2.1326
1.2299
1.1852
6.7890
0.9904
1.5788
0.7811
2.7800
1.1482
2.0550
5.2595
2.3752
1.6956
1.3453
3.9304
7.9088
3.1351
7.3058
3.5386
9.5256
3.1626
8.8140
4.4722
0.7692
3.6927
9.7067
1.0283
2.2638
6.5782
5.2641
6.8398
2.2185
4.4555
1.1207
2.3842
4.0932
1.5519
6.5046
0.8382
2.2767
2.2173
3.1174
1.2272
1.3058
6.5943
1.5452
2.4464
1.3543
1.6085
0.6763
1.7052
5.2530
3.5183
2.2921
7.4219
2.2373
5.7712
0.9642
4.9596
2.3654
1.4628
1.1682
0.8126
1.1022
0.8393
3.3552
1.3753
4.6501
3.5079
3.5935
0.7451
0.9447
6.4622
0.7762
1.7847
0.7894
1.5997
2.4505
1.4277
2.1831
1.6446
0.7403
0.7729
2.2423
1.2654
2.3237
2.3138
1.1953
1.3755
1.5084
1.3867
2.0181
2.0750
4.0903
1.8927
3.2465
1.0934
1.6570
2.2499
5.2651
3.5651
1.0396
1.4237
1.5144
